13
0  12  45  23  87  34  56  91  18  77  62 105  39  
 12   0  54  76  19  83  27  64  98  41  55 112  70  
 45  54   0  61  38  92  14  85  47 103  29  66 115  
 23  76  61   0  95  48  73  22 110  58  81  37  94  
 87  19  38  95   0  67 104  51  26  89  43 118  72  
 34  83  92  48  67   0  35 108  63  21  99  52  17  
 56  27  14  73 104  35   0  42  88  79  15  69 101  
 91  64  85  22  51 108  42   0  74  36 114  82  49 
 18  98  47 110  26  63  88  74   0 106  57  24  80  
 77  41 103  58  89  21  79  36 106   0  68  97  32 
 62  55  29  81  43  99  15 114  57  68   0  46 109  
105 112  66  37 118  52  69  82  24  97  46   0  53  
 39  70 115  94  72  17 101  49  80  32 109  53   0  
 